0. 1523
1. 4032
2. 2315
3. 3050
4. 3433
5. 0102
6. 1413
7. 1022
8. 2514
9. 3244
10. 2423
11. 1112
12. 1302
13. 0010
14. 1413
15. 3132
16. 1303
17. 4142
18. 0325
19. 4243
20. 2514
21. 1213
22. 1444
23. 2011
24. 4434
25. 1112
26. 3425
27. 1202
28. 2503
29. 0212
30. 0300
31. 1211
32. 0010
33. 1120
34. 1020
35. 5152
36. 2030
37. 4030
38. 1534
39. 4334
40. 0403
41. 34454
42. 5545
43. 3223
44. 4540
45. 3031
46. 4010
47. 2324
48. 3545
49. 3132
50. 1020
51. 3241
52. 2030
53. 4151
54. 3000
55. 5141
56. 0010
57. 4132
58. 1020
59. 3241
60. 2030
61. 24254
62. 3000
63. 4131
64. 0010
65. 3141
66. 1020
67. 4131
68. 2030
69. 3141
70. 3000
71. 4131
72. 0010
73. 3141
74. 1020
75. 4131
76. 2030
77. 3141